เนื้อไก่ 165	19.5	9.7	0	0	82
กะเพราขาว 89.2	3.24	0.61	1.41	0	176 
พริกขี้หนู 63	3.41	2.11	2.92	1	4
ข้าวสวย	129	2.4	0.3	28.2	0.1	1.5
กระเทียม 149	6.96	0.31	14.6	0	14
น้ำมันถั่วเหลือง 882 	0	100	0	0	0
ซีอิ๊วขาว 66.67	10	0	6.67	3.33	6400
น้ำปลา 62.5	12.5	0	6.25	0	8000
น้ำตาลทรายขาว 384	0	0	100 	100	0

กุ้ง 99	23.7	0.3	0.2	0	170
กระเทียม 149	6.96	0.31	14.6	0	14
เนยจืด 717	0.85	81	0.06	0	11
เกลือป่น 0	0	0	0	0	39000
ซอสปรุงรสฝาเขียว 66.67	8.67	0	6.67	3.33	6667
ซอสหอยนางรม	100	5	0	20	12.5	2500
น้ำตาลทรายขาว 384	0	0	100 	100	0
พริกไทย	118	4.4	2.6	19.3	1	7.5

ข้าวสวย	129	2.4	0.3	28.2	0.1	1.5
ปลากระป๋อง 130	17	4	6	4	400
น้ำมันถั่วเหลือง 882 	0	100	0	0	0
กระเทียม 149	6.96	0.31	14.6	0	14
หอมแดง 63	2.7	0.2	12.6	0	0
พริกขี้หนู 63	3.41	2.11	2.92	1	4
รสดีรสหมู 205	11	1	38	5	13800
เกลือป่น 0	0	0	0	0	39000
น้ำตาลทรายขาว 384	0	0	100 	100	0
ต้นหอม 30	1.54	0.36	3.99	0	39

ผงชาเขียว(มัทฉะ) 320	22	5	35	1	20
นมข้นหวาน 321	7.9	8.7	54.4	54	130
น้ำตาลทรายขาว 384	0	0	100 	100	0
นมสด 53	3.16	2.95	3.44	0	52

ข้าวโพด(ดิบ) 86	3.3	1.3	19	6.3	15
นมสด 53	3.16	2.95	3.44	0	52
ไข่ไก่ 143	12.77	9.65	1.17	0	165
เนยจืด 717	0.85	81	0.06	0	11
แป้งเทมปุระ	360	8	0.5	75	2	900
แป้งข้าวโพด	381	0.3	0.1	91.3	0	9
เกลือป่น 0	0	0	0	0	39000
ผงปรุงรส 180	10	0	35	10	17000
นมข้นหวาน 321	7.9	8.7	54.4	54	130
น้ำตาลทรายขาว 384	0	0	100 	100	0